# Created by Octave 3.8.1, Wed Feb 04 00:48:57 2015 CST <bulletninja@bulletninja-laptop>
# name: mejorindividuo
# type: matrix
# rows: 5
# columns: 20
 71 77 36 94 29 83 27 68 91 54 12 38 15 76 87 32 77 53 14 87
 99 56 70 77 75 3 5 5 61 79 47 60 11 3 86 21 14 99 73 56
 15 89 45 40 41 89 57 77 1 16 63 23 49 7 75 26 47 60 63 64
 68 78 91 31 41 58 49 51 9 66 56 59 31 85 77 54 40 13 39 85
 85 53 35 28 49 56 69 68 72 58 47 41 20 86 18 58 87 53 8 13


