# Created by Octave 3.8.1, Wed Feb 04 00:50:12 2015 CST <bulletninja@bulletninja-laptop>
# name: mejorindividuo
# type: matrix
# rows: 5
# columns: 20
 27 55 45 26 43 43 59 54 23 38 95 86 43 40 35 88 63 50 54 37
 44 64 9 59 92 31 82 47 54 62 23 30 91 7 76 10 68 37 95 14
 64 20 47 78 87 54 13 61 36 90 47 70 11 13 55 49 93 5 34 40
 47 9 63 88 48 75 31 30 92 54 84 62 13 23 4 83 11 98 23 85
 61 98 31 69 78 71 56 94 77 30 53 54 80 9 76 35 33 72 51 79


